================================================== INPUT: [50, 67, 246, 168, 136, 90, 48, 141, 49, 49, 152, 162, 224, 55, 7, 52] ==================================================
ENCRYPTION

Plaintext: [50, 67, 246, 168, 136, 90, 48, 141, 49, 49, 152, 162, 224, 55, 7, 52]
Encrypted: [57, 37, 132, 29, 2, 220, 9, 251, 220, 17, 133, 151, 25, 106, 11, 50]

DECRYPTION

ciphertext: [57, 37, 132, 29, 2, 220, 9, 251, 220, 17, 133, 151, 25, 106, 11, 50]
Decrypted: [50, 67, 246, 168, 136, 90, 48, 141, 49, 49, 152, 162, 224, 55, 7, 52]

Plaintext: [50, 67, 246, 168, 136, 90, 48, 141, 49, 49, 152, 162, 224, 55, 7, 52] <======> Decrypted: [50, 67, 246, 168, 136, 90, 48, 141, 49, 49, 152, 162, 224, 55, 7, 52]

Round 1 Encryption: [164, 156, 127, 242, 104, 159, 53, 43, 107, 91, 234, 67, 2, 106, 80, 73] <=====> Round 9 Decryption: [164, 156, 127, 242, 104, 159, 53, 43, 107, 91, 234, 67, 2, 106, 80, 73] <====> Matched
Round 2 Encryption: [170, 143, 95, 3, 97, 221, 227, 239, 130, 210, 74, 210, 104, 50, 70, 154] <=====> Round 8 Decryption: [170, 143, 95, 3, 97, 221, 227, 239, 130, 210, 74, 210, 104, 50, 70, 154] <====> Matched
Round 3 Encryption: [72, 108, 78, 238, 103, 29, 157, 13, 77, 227, 177, 56, 214, 95, 88, 231] <=====> Round 7 Decryption: [72, 108, 78, 238, 103, 29, 157, 13, 77, 227, 177, 56, 214, 95, 88, 231] <====> Matched
Round 4 Encryption: [224, 146, 127, 232, 200, 99, 99, 192, 217, 177, 53, 80, 133, 184, 190, 1] <=====> Round 6 Decryption: [224, 146, 127, 232, 200, 99, 99, 192, 217, 177, 53, 80, 133, 184, 190, 1] <====> Matched
Round 5 Encryption: [241, 0, 111, 85, 193, 146, 76, 239, 124, 200, 139, 50, 93, 181, 213, 12] <=====> Round 5 Decryption: [241, 0, 111, 85, 193, 146, 76, 239, 124, 200, 139, 50, 93, 181, 213, 12] <====> Matched
Round 6 Encryption: [38, 14, 46, 23, 61, 65, 183, 125, 232, 100, 114, 169, 253, 210, 139, 37] <=====> Round 4 Decryption: [38, 14, 46, 23, 61, 65, 183, 125, 232, 100, 114, 169, 253, 210, 139, 37] <====> Matched
Round 7 Encryption: [90, 65, 66, 177, 25, 73, 220, 31, 163, 224, 25, 101, 122, 140, 4, 12] <=====> Round 3 Decryption: [90, 65, 66, 177, 25, 73, 220, 31, 163, 224, 25, 101, 122, 140, 4, 12] <====> Matched
Round 8 Encryption: [234, 131, 92, 240, 4, 69, 51, 45, 101, 93, 152, 173, 133, 150, 176, 197] <=====> Round 2 Decryption: [234, 131, 92, 240, 4, 69, 51, 45, 101, 93, 152, 173, 133, 150, 176, 197] <====> Matched
Round 9 Encryption: [235, 64, 242, 30, 89, 46, 56, 132, 139, 161, 19, 231, 27, 195, 66, 210] <=====> Round 1 Decryption: [235, 64, 242, 30, 89, 46, 56, 132, 139, 161, 19, 231, 27, 195, 66, 210] <====> Matched
Round 10 Encryption: [57, 37, 132, 29, 2, 220, 9, 251, 220, 17, 133, 151, 25, 106, 11, 50] <=====> Round 0 Decryption: [57, 37, 132, 29, 2, 220, 9, 251, 220, 17, 133, 151, 25, 106, 11, 50] <====> Matched

